VARIABLE="X","Y","DISPLACEMENT"
ZONE I=121, J=121, F=POINT
 3.095  2.836  2.641  2.593  2.702  2.908  3.152  2.836  2.429  2.052  1.980  2.213  2.558  2.908  2.641  2.052  1.013  1.063  1.630  2.213  2.702  2.593  1.980  1.063  0.000  1.063  1.980  2.593  2.702  2.213  1.630  1.063  1.013  2.052  2.641  2.908  2.558  2.213  1.980  2.052  2.429  2.836  3.152  2.908  2.702  2.593  2.641  2.836  3.095
